Script started on Mon 14 Aug 2017 03:52:06 PM PDT
-0	-0
---> yield_surface_val = -25928.7
elastic!

_stress_dev_iter=MArray2[3,3] = 
	[ 
    2933.3      40000     1481.5 
     40000    -1733.3       1000 
    1481.5       1000      -1200 
	]

0.001	40000
*******************************************************
Step Number = 0
diff stress = MArray2[3,3] = 
	[ 
1.9099e-11          0          0 
         0 -1.9327e-11          0 
         0          0          0 
	]

-------------------------------------------------------
stress_multiply = MArray2[3,3] = 
	[ 
    3183.3      40000     1481.5 
     40000    -1483.3       1000 
    1481.5       1000       -950 
	]

stress_integrate= MArray2[3,3] = 
	[ 
    3183.3      40000     1481.5 
     40000    -1483.3       1000 
    1481.5       1000       -950 
	]

*******************************************************
---> yield_surface_val = 14243
plastic!

>>> dlambda = 0.00070046
>>> strain_trial = MArray2[3,3] = 
	[ 
 -0.039433      0.002 7.4074e-05 
     0.002  -0.039667      5e-05 
7.4074e-05      5e-05   -0.03964 
	]

Inside Check stress_multiply yf_val = -25929
stress_multiply = MArray2[3,3] = 
	[ 
-3.2981e+05      40607       1504 
     40607 -3.3455e+05     1015.2 
      1504     1015.2 -3.3401e+05 
	]

_stress_dev_iter=MArray2[3,3] = 
	[ 
    4842.4      66033     2445.7 
     66033    -2861.4     1650.8 
    2445.7     1650.8      -1981 
	]

0.002	66033
*******************************************************
Step Number = 1
diff stress = MArray2[3,3] = 
	[ 
    2191.7      13967     517.29 
     13967      562.2     349.17 
    517.29     349.17     748.42 
	]

-------------------------------------------------------
stress_multiply = MArray2[3,3] = 
	[ 
    3183.3      40000     1481.5 
     40000    -1483.3       1000 
    1481.5       1000       -950 
	]

stress_integrate= MArray2[3,3] = 
	[ 
    991.68      26033     964.19 
     26033    -2045.5     650.83 
    964.19     650.83    -1698.4 
	]

*******************************************************
---> yield_surface_val = 40171
plastic!

>>> dlambda = 0.0019756
>>> strain_trial = MArray2[3,3] = 
	[ 
  -0.03935      0.003 0.00011111 
     0.003    -0.0397    7.5e-05 
0.00011111    7.5e-05   -0.03966 
	]

Inside Check stress_multiply yf_val = 1.4552e-11
stress_multiply = MArray2[3,3] = 
	[ 
-3.2882e+05      66640     2468.1 
     66640 -3.366e+05       1666 
    2468.1       1666 -3.3571e+05 
	]

_stress_dev_iter=MArray2[3,3] = 
	[ 
    4886.9      66640     2468.1 
     66640    -2887.7       1666 
    2468.1       1666    -1999.2 
	]

0.003	66640
*******************************************************
Step Number = 2
diff stress = MArray2[3,3] = 
	[ 
-1.5916e-11 3.7176e-11 1.3038e-12 
3.8995e-11 2.5466e-11 1.0658e-12 
1.0907e-12 9.5568e-13 -8.913e-11 
	]

-------------------------------------------------------
stress_multiply = MArray2[3,3] = 
	[ 
   -2998.2     606.71     22.471 
    606.71      -3069     15.168 
    22.471     15.168    -3060.9 
	]

stress_integrate= MArray2[3,3] = 
	[ 
   -2998.2     606.71     22.471 
    606.71      -3069     15.168 
    22.471     15.168    -3060.9 
	]

*******************************************************
---> yield_surface_val = 40171
plastic!

>>> dlambda = 0.0019756
>>> strain_trial = MArray2[3,3] = 
	[ 
 -0.039267      0.004 0.00014815 
     0.004  -0.039733     0.0001 
0.00014815     0.0001   -0.03968 
	]

Inside Check stress_multiply yf_val = 0
stress_multiply = MArray2[3,3] = 
	[ 
-3.3182e+05      67247     2490.6 
     67247 -3.3967e+05     1681.2 
    2490.6     1681.2 -3.3877e+05 
	]

_stress_dev_iter=MArray2[3,3] = 
	[ 
    4931.4      67247     2490.6 
     67247      -2914     1681.2 
    2490.6     1681.2    -2017.4 
	]

0.004	67247
*******************************************************
Step Number = 3
diff stress = MArray2[3,3] = 
	[ 
 1.819e-12 -1.4779e-12 -4.0146e-13 
-1.4779e-12  3.638e-11 -2.1494e-13 
-4.2633e-13 -2.2915e-13 -5.2296e-11 
	]

-------------------------------------------------------
stress_multiply = MArray2[3,3] = 
	[ 
   -2998.2     606.71     22.471 
    606.71      -3069     15.168 
    22.471     15.168    -3060.9 
	]

stress_integrate= MArray2[3,3] = 
	[ 
   -2998.2     606.71     22.471 
    606.71      -3069     15.168 
    22.471     15.168    -3060.9 
	]

*******************************************************
---> yield_surface_val = 40171
plastic!

>>> dlambda = 0.0019756
>>> strain_trial = MArray2[3,3] = 
	[ 
 -0.039183      0.005 0.00018519 
     0.005  -0.039767   0.000125 
0.00018519   0.000125    -0.0397 
	]

Inside Check stress_multiply yf_val = 0
stress_multiply = MArray2[3,3] = 
	[ 
-3.3482e+05      67853     2513.1 
     67853 -3.4274e+05     1696.3 
    2513.1     1696.3 -3.4183e+05 
	]

_stress_dev_iter=MArray2[3,3] = 
	[ 
    4975.9      67853     2513.1 
     67853    -2940.3     1696.3 
    2513.1     1696.3    -2035.6 
	]

0.005	67853
*******************************************************
Step Number = 4
diff stress = MArray2[3,3] = 
	[ 
-1.4097e-11 -1.2164e-11 -6.6791e-13 
-1.2164e-11 2.4556e-11 -1.0836e-13 
-6.2172e-13 -6.9278e-14 -7.7307e-11 
	]

-------------------------------------------------------
stress_multiply = MArray2[3,3] = 
	[ 
   -2998.2     606.71     22.471 
    606.71      -3069     15.168 
    22.471     15.168    -3060.9 
	]

stress_integrate= MArray2[3,3] = 
	[ 
   -2998.2     606.71     22.471 
    606.71      -3069     15.168 
    22.471     15.168    -3060.9 
	]

*******************************************************
---> yield_surface_val = 40171
plastic!

>>> dlambda = 0.0019756
>>> strain_trial = MArray2[3,3] = 
	[ 
   -0.0391      0.006 0.00022222 
     0.006    -0.0398    0.00015 
0.00022222    0.00015   -0.03972 
	]

Inside Check stress_multiply yf_val = 2.9104e-11
stress_multiply = MArray2[3,3] = 
	[ 
-3.3782e+05      68460     2535.6 
     68460 -3.458e+05     1711.5 
    2535.6     1711.5 -3.4489e+05 
	]

_stress_dev_iter=MArray2[3,3] = 
	[ 
    5020.4      68460     2535.6 
     68460    -2966.6     1711.5 
    2535.6     1711.5    -2053.8 
	]

0.006	68460
*******************************************************
Step Number = 5
diff stress = MArray2[3,3] = 
	[ 
1.8645e-11 2.5238e-11 1.1582e-12 
2.5238e-11 5.9572e-11 1.0338e-12 
1.0445e-12 1.1067e-12 -1.0914e-10 
	]

-------------------------------------------------------
stress_multiply = MArray2[3,3] = 
	[ 
   -2998.2     606.71     22.471 
    606.71      -3069     15.168 
    22.471     15.168    -3060.9 
	]

stress_integrate= MArray2[3,3] = 
	[ 
   -2998.2     606.71     22.471 
    606.71      -3069     15.168 
    22.471     15.168    -3060.9 
	]

*******************************************************
---> yield_surface_val = 40171
plastic!

>>> dlambda = 0.0019756
>>> strain_trial = MArray2[3,3] = 
	[ 
 -0.039017      0.007 0.00025926 
     0.007  -0.039833   0.000175 
0.00025926   0.000175   -0.03974 
	]

Inside Check stress_multiply yf_val = 1.4552e-11
stress_multiply = MArray2[3,3] = 
	[ 
-3.4082e+05      69067       2558 
     69067 -3.4887e+05     1726.7 
      2558     1726.7 -3.4795e+05 
	]

_stress_dev_iter=MArray2[3,3] = 
	[ 
    5064.9      69067       2558 
     69067    -2992.9     1726.7 
      2558     1726.7      -2072 
	]

0.007	69067
*******************************************************
Step Number = 6
diff stress = MArray2[3,3] = 
	[ 
5.9117e-12 1.2733e-11 2.9132e-13 
1.2733e-11 4.6839e-11 2.1494e-13 
1.9895e-13  1.954e-13 -6.7303e-11 
	]

-------------------------------------------------------
stress_multiply = MArray2[3,3] = 
	[ 
   -2998.2     606.71     22.471 
    606.71      -3069     15.168 
    22.471     15.168    -3060.9 
	]

stress_integrate= MArray2[3,3] = 
	[ 
   -2998.2     606.71     22.471 
    606.71      -3069     15.168 
    22.471     15.168    -3060.9 
	]

*******************************************************
---> yield_surface_val = 40171
plastic!

>>> dlambda = 0.0019756
>>> strain_trial = MArray2[3,3] = 
	[ 
 -0.038933      0.008  0.0002963 
     0.008  -0.039867     0.0002 
 0.0002963     0.0002   -0.03976 
	]

Inside Check stress_multiply yf_val = 1.4552e-11
stress_multiply = MArray2[3,3] = 
	[ 
-3.4381e+05      69673     2580.5 
     69673 -3.5194e+05     1741.8 
    2580.5     1741.8 -3.5101e+05 
	]

_stress_dev_iter=MArray2[3,3] = 
	[ 
    5109.4      69673     2580.5 
     69673    -3019.2     1741.8 
    2580.5     1741.8    -2090.2 
	]

0.008	69673
*******************************************************
Step Number = 7
diff stress = MArray2[3,3] = 
	[ 
-5.0022e-12 2.2737e-12 -3.304e-13 
2.2737e-12 3.7744e-11 -2.3981e-13 
-2.7356e-13 -2.4514e-13 -1.3915e-10 
	]

-------------------------------------------------------
stress_multiply = MArray2[3,3] = 
	[ 
   -2998.2     606.71     22.471 
    606.71      -3069     15.168 
    22.471     15.168    -3060.9 
	]

stress_integrate= MArray2[3,3] = 
	[ 
   -2998.2     606.71     22.471 
    606.71      -3069     15.168 
    22.471     15.168    -3060.9 
	]

*******************************************************
---> yield_surface_val = 40171
plastic!

>>> dlambda = 0.0019756
>>> strain_trial = MArray2[3,3] = 
	[ 
  -0.03885      0.009 0.00033333 
     0.009    -0.0399   0.000225 
0.00033333   0.000225   -0.03978 
	]

Inside Check stress_multiply yf_val = 0
stress_multiply = MArray2[3,3] = 
	[ 
-3.4681e+05      70280       2603 
     70280 -3.5501e+05       1757 
      2603       1757 -3.5407e+05 
	]

_stress_dev_iter=MArray2[3,3] = 
	[ 
    5153.9      70280       2603 
     70280    -3045.5       1757 
      2603       1757    -2108.4 
	]

0.009	70280
*******************************************************
Step Number = 8
diff stress = MArray2[3,3] = 
	[ 
4.4565e-11 1.9668e-11 7.3896e-13 
1.9668e-11 3.0468e-11 2.7001e-13 
8.4555e-13 2.7711e-13 -9.0949e-11 
	]

-------------------------------------------------------
stress_multiply = MArray2[3,3] = 
	[ 
   -2998.2     606.71     22.471 
    606.71      -3069     15.168 
    22.471     15.168    -3060.9 
	]

stress_integrate= MArray2[3,3] = 
	[ 
   -2998.2     606.71     22.471 
    606.71      -3069     15.168 
    22.471     15.168    -3060.9 
	]

*******************************************************
---> yield_surface_val = 40171
plastic!

>>> dlambda = 0.0019756
>>> strain_trial = MArray2[3,3] = 
	[ 
 -0.038767       0.01 0.00037037 
      0.01  -0.039933    0.00025 
0.00037037    0.00025    -0.0398 
	]

Inside Check stress_multiply yf_val = 0
stress_multiply = MArray2[3,3] = 
	[ 
-3.4981e+05      70887     2625.4 
     70887 -3.5808e+05     1772.2 
    2625.4     1772.2 -3.5714e+05 
	]

_stress_dev_iter=MArray2[3,3] = 
	[ 
    5198.4      70887     2625.4 
     70887    -3071.8     1772.2 
    2625.4     1772.2    -2126.6 
	]

0.01	70887
*******************************************************
Step Number = 9
diff stress = MArray2[3,3] = 
	[ 
5.0022e-12 -3.4561e-11 -1.3713e-12 
-3.4561e-11 5.0932e-11 -6.2528e-13 
-1.144e-12 -6.8567e-13 -7.3214e-11 
	]

-------------------------------------------------------
stress_multiply = MArray2[3,3] = 
	[ 
   -2998.2     606.71     22.471 
    606.71      -3069     15.168 
    22.471     15.168    -3060.9 
	]

stress_integrate= MArray2[3,3] = 
	[ 
   -2998.2     606.71     22.471 
    606.71      -3069     15.168 
    22.471     15.168    -3060.9 
	]

*******************************************************
---> yield_surface_val = 40171
plastic!

>>> dlambda = 0.0019756
>>> strain_trial = MArray2[3,3] = 
	[ 
 -0.038683      0.011 0.00040741 
     0.011  -0.039967   0.000275 
0.00040741   0.000275   -0.03982 
	]

Inside Check stress_multiply yf_val = 2.9104e-11
stress_multiply = MArray2[3,3] = 
	[ 
-3.5281e+05      71494     2647.9 
     71494 -3.6115e+05     1787.3 
    2647.9     1787.3 -3.602e+05 
	]

_stress_dev_iter=MArray2[3,3] = 
	[ 
    5242.9      71494     2647.9 
     71494    -3098.1     1787.3 
    2647.9     1787.3    -2144.8 
	]

0.011	71494
*******************************************************
Step Number = 10
diff stress = MArray2[3,3] = 
	[ 
2.3192e-11 1.9668e-11 4.3698e-13 
1.9668e-11 6.7757e-11 1.5632e-13 
5.3646e-13 1.7941e-13 -5.7298e-11 
	]

-------------------------------------------------------
stress_multiply = MArray2[3,3] = 
	[ 
   -2998.2     606.71     22.471 
    606.71      -3069     15.168 
    22.471     15.168    -3060.9 
	]

stress_integrate= MArray2[3,3] = 
	[ 
   -2998.2     606.71     22.471 
    606.71      -3069     15.168 
    22.471     15.168    -3060.9 
	]

*******************************************************
---> yield_surface_val = 40171
plastic!

>>> dlambda = 0.0019756
>>> strain_trial = MArray2[3,3] = 
	[ 
   -0.0386      0.012 0.00044444 
     0.012      -0.04     0.0003 
0.00044444     0.0003   -0.03984 
	]

Inside Check stress_multiply yf_val = 1.4552e-11
stress_multiply = MArray2[3,3] = 
	[ 
-3.5581e+05      72100     2670.4 
     72100 -3.6422e+05     1802.5 
    2670.4     1802.5 -3.6326e+05 
	]

_stress_dev_iter=MArray2[3,3] = 
	[ 
    5287.4      72100     2670.4 
     72100    -3124.3     1802.5 
    2670.4     1802.5      -2163 
	]

0.012	72100
*******************************************************
Step Number = 11
diff stress = MArray2[3,3] = 
	[ 
1.4552e-11 9.0949e-13 5.5778e-13 
9.0949e-13 5.9572e-11 2.2204e-13 
5.9686e-13 2.7178e-13 -6.7757e-11 
	]

-------------------------------------------------------
stress_multiply = MArray2[3,3] = 
	[ 
   -2998.2     606.71     22.471 
    606.71      -3069     15.168 
    22.471     15.168    -3060.9 
	]

stress_integrate= MArray2[3,3] = 
	[ 
   -2998.2     606.71     22.471 
    606.71      -3069     15.168 
    22.471     15.168    -3060.9 
	]

*******************************************************
---> yield_surface_val = 40171
plastic!

>>> dlambda = 0.0019756
>>> strain_trial = MArray2[3,3] = 
	[ 
 -0.038517      0.013 0.00048148 
     0.013  -0.040033   0.000325 
0.00048148   0.000325   -0.03986 
	]

Inside Check stress_multiply yf_val = 4.3656e-11
stress_multiply = MArray2[3,3] = 
	[ 
-3.5881e+05      72707     2692.9 
     72707 -3.6729e+05     1817.7 
    2692.9     1817.7 -3.6632e+05 
	]

_stress_dev_iter=MArray2[3,3] = 
	[ 
    5331.8      72707     2692.9 
     72707    -3150.6     1817.7 
    2692.9     1817.7    -2181.2 
	]

0.013	72707
*******************************************************
Step Number = 12
diff stress = MArray2[3,3] = 
	[ 
6.4574e-11 4.0018e-11  1.716e-12 
4.0018e-11 5.0932e-11  1.112e-12 
1.7053e-12 1.1458e-12 -1.3551e-10 
	]

-------------------------------------------------------
stress_multiply = MArray2[3,3] = 
	[ 
   -2998.2     606.71     22.471 
    606.71      -3069     15.168 
    22.471     15.168    -3060.9 
	]

stress_integrate= MArray2[3,3] = 
	[ 
   -2998.2     606.71     22.471 
    606.71      -3069     15.168 
    22.471     15.168    -3060.9 
	]

*******************************************************
---> yield_surface_val = 40171
plastic!

>>> dlambda = 0.0019756
>>> strain_trial = MArray2[3,3] = 
	[ 
 -0.038433      0.014 0.00051852 
     0.014  -0.040067    0.00035 
0.00051852    0.00035   -0.03988 
	]

Inside Check stress_multiply yf_val = -2.9104e-11
stress_multiply = MArray2[3,3] = 
	[ 
-3.618e+05      73314     2715.3 
     73314 -3.7036e+05     1832.8 
    2715.3     1832.8 -3.6938e+05 
	]

_stress_dev_iter=MArray2[3,3] = 
	[ 
    5376.3      73314     2715.3 
     73314    -3176.9     1832.8 
    2715.3     1832.8    -2199.4 
	]

0.014	73314
*******************************************************
Step Number = 13
diff stress = MArray2[3,3] = 
	[ 
2.7285e-12 -2.0009e-11 -2.7711e-13 
-2.0009e-11 4.5929e-11 -2.7711e-13 
-1.7053e-13 -2.3093e-13 -8.2764e-11 
	]

-------------------------------------------------------
stress_multiply = MArray2[3,3] = 
	[ 
   -2998.2     606.71     22.471 
    606.71      -3069     15.168 
    22.471     15.168    -3060.9 
	]

stress_integrate= MArray2[3,3] = 
	[ 
   -2998.2     606.71     22.471 
    606.71      -3069     15.168 
    22.471     15.168    -3060.9 
	]

*******************************************************
---> yield_surface_val = 40171
plastic!

>>> dlambda = 0.0019756
>>> strain_trial = MArray2[3,3] = 
	[ 
  -0.03835      0.015 0.00055556 
     0.015    -0.0401   0.000375 
0.00055556   0.000375    -0.0399 
	]

Inside Check stress_multiply yf_val = 0
stress_multiply = MArray2[3,3] = 
	[ 
-3.648e+05      73920     2737.8 
     73920 -3.7343e+05       1848 
    2737.8       1848 -3.7244e+05 
	]

_stress_dev_iter=MArray2[3,3] = 
	[ 
    5420.8      73920     2737.8 
     73920    -3203.2       1848 
    2737.8       1848    -2217.6 
	]

0.015	73920
*******************************************************
Step Number = 14
diff stress = MArray2[3,3] = 
	[ 
1.4097e-11 -5.457e-12 3.6948e-13 
-5.457e-12 5.8208e-11 -1.4033e-13 
3.2685e-13 -9.9476e-14 -7.185e-11 
	]

-------------------------------------------------------
stress_multiply = MArray2[3,3] = 
	[ 
   -2998.2     606.71     22.471 
    606.71      -3069     15.168 
    22.471     15.168    -3060.9 
	]

stress_integrate= MArray2[3,3] = 
	[ 
   -2998.2     606.71     22.471 
    606.71      -3069     15.168 
    22.471     15.168    -3060.9 
	]

*******************************************************
---> yield_surface_val = 40171
plastic!

>>> dlambda = 0.0019756
>>> strain_trial = MArray2[3,3] = 
	[ 
 -0.038267      0.016 0.00059259 
     0.016  -0.040133     0.0004 
0.00059259     0.0004   -0.03992 
	]

Inside Check stress_multiply yf_val = 4.3656e-11
stress_multiply = MArray2[3,3] = 
	[ 
-3.678e+05      74527     2760.3 
     74527 -3.765e+05     1863.2 
    2760.3     1863.2 -3.755e+05 
	]

_stress_dev_iter=MArray2[3,3] = 
	[ 
    5465.3      74527     2760.3 
     74527    -3229.5     1863.2 
    2760.3     1863.2    -2235.8 
	]

0.016	74527
*******************************************************
Step Number = 15
diff stress = MArray2[3,3] = 
	[ 
8.1855e-12 1.6485e-11 7.0699e-13 
1.6485e-11 5.2296e-11 4.7251e-13 
8.2423e-13 5.1692e-13 -7.7307e-11 
	]

-------------------------------------------------------
stress_multiply = MArray2[3,3] = 
	[ 
   -2998.2     606.71     22.471 
    606.71      -3069     15.168 
    22.471     15.168    -3060.9 
	]

stress_integrate= MArray2[3,3] = 
	[ 
   -2998.2     606.71     22.471 
    606.71      -3069     15.168 
    22.471     15.168    -3060.9 
	]

*******************************************************
---> yield_surface_val = 40171
plastic!

>>> dlambda = 0.0019756
>>> strain_trial = MArray2[3,3] = 
	[ 
 -0.038183      0.017 0.00062963 
     0.017  -0.040167   0.000425 
0.00062963   0.000425   -0.03994 
	]

Inside Check stress_multiply yf_val = 0
stress_multiply = MArray2[3,3] = 
	[ 
-3.708e+05      75134     2782.7 
     75134 -3.7956e+05     1878.3 
    2782.7     1878.3 -3.7856e+05 
	]

_stress_dev_iter=MArray2[3,3] = 
	[ 
    5509.8      75134     2782.7 
     75134    -3255.8     1878.3 
    2782.7     1878.3      -2254 
	]

0.017	75134
*******************************************************
Step Number = 16
diff stress = MArray2[3,3] = 
	[ 
4.5475e-12  1.603e-11 9.1305e-13 
 1.603e-11 4.8203e-11 4.5652e-13 
1.0054e-12 5.0449e-13 -1.4188e-10 
	]

-------------------------------------------------------
stress_multiply = MArray2[3,3] = 
	[ 
   -2998.2     606.71     22.471 
    606.71      -3069     15.168 
    22.471     15.168    -3060.9 
	]

stress_integrate= MArray2[3,3] = 
	[ 
   -2998.2     606.71     22.471 
    606.71      -3069     15.168 
    22.471     15.168    -3060.9 
	]

*******************************************************
---> yield_surface_val = 40171
plastic!

>>> dlambda = 0.0019756
>>> strain_trial = MArray2[3,3] = 
	[ 
   -0.0381      0.018 0.00066667 
     0.018    -0.0402    0.00045 
0.00066667    0.00045   -0.03996 
	]

Inside Check stress_multiply yf_val = 1.4552e-11
stress_multiply = MArray2[3,3] = 
	[ 
-3.738e+05      75741     2805.2 
     75741 -3.8263e+05     1893.5 
    2805.2     1893.5 -3.8162e+05 
	]

_stress_dev_iter=MArray2[3,3] = 
	[ 
    5554.3      75741     2805.2 
     75741    -3282.1     1893.5 
    2805.2     1893.5    -2272.2 
	]

0.018	75741
*******************************************************
Step Number = 17
diff stress = MArray2[3,3] = 
	[ 
1.4097e-11 1.8304e-11 9.7344e-13 
1.8304e-11 5.8662e-11 5.0093e-13 
 9.166e-13 5.8265e-13 -7.3669e-11 
	]

-------------------------------------------------------
stress_multiply = MArray2[3,3] = 
	[ 
   -2998.2     606.71     22.471 
    606.71      -3069     15.168 
    22.471     15.168    -3060.9 
	]

stress_integrate= MArray2[3,3] = 
	[ 
   -2998.2     606.71     22.471 
    606.71      -3069     15.168 
    22.471     15.168    -3060.9 
	]

*******************************************************
---> yield_surface_val = 40171
plastic!

>>> dlambda = 0.0019756
>>> strain_trial = MArray2[3,3] = 
	[ 
 -0.038017      0.019  0.0007037 
     0.019  -0.040233   0.000475 
 0.0007037   0.000475   -0.03998 
	]

Inside Check stress_multiply yf_val = -1.4552e-11
stress_multiply = MArray2[3,3] = 
	[ 
-3.768e+05      76347     2827.7 
     76347 -3.857e+05     1908.7 
    2827.7     1908.7 -3.8468e+05 
	]

_stress_dev_iter=MArray2[3,3] = 
	[ 
    5598.8      76347     2827.7 
     76347    -3308.4     1908.7 
    2827.7     1908.7    -2290.4 
	]

0.019	76347
*******************************************************
Step Number = 18
diff stress = MArray2[3,3] = 
	[ 
-5.0022e-11 3.8199e-11  2.192e-12 
3.8199e-11 -5.0022e-12 8.0647e-13 
2.2844e-12  8.189e-13  -1.96e-10 
	]

-------------------------------------------------------
stress_multiply = MArray2[3,3] = 
	[ 
   -2998.2     606.71     22.471 
    606.71      -3069     15.168 
    22.471     15.168    -3060.9 
	]

stress_integrate= MArray2[3,3] = 
	[ 
   -2998.2     606.71     22.471 
    606.71      -3069     15.168 
    22.471     15.168    -3060.9 
	]

*******************************************************
---> yield_surface_val = 40171
plastic!

>>> dlambda = 0.0019756
>>> strain_trial = MArray2[3,3] = 
	[ 
 -0.037933       0.02 0.00074074 
      0.02  -0.040267     0.0005 
0.00074074     0.0005      -0.04 
	]

Inside Check stress_multiply yf_val = -1.4552e-11
stress_multiply = MArray2[3,3] = 
	[ 
-3.7979e+05      76954     2850.1 
     76954 -3.8877e+05     1923.8 
    2850.1     1923.8 -3.8775e+05 
	]

_stress_dev_iter=MArray2[3,3] = 
	[ 
    5643.3      76954     2850.1 
     76954    -3334.7     1923.8 
    2850.1     1923.8    -2308.6 
	]

0.02	76954
*******************************************************
Step Number = 19
diff stress = MArray2[3,3] = 
	[ 
4.5475e-12 -3.5357e-11 -6.7857e-13 
-3.5357e-11 4.9113e-11 -4.2988e-13 
-5.4712e-13 -3.6948e-13 -1.4279e-10 
	]

-------------------------------------------------------
stress_multiply = MArray2[3,3] = 
	[ 
   -2998.2     606.71     22.471 
    606.71      -3069     15.168 
    22.471     15.168    -3060.9 
	]

stress_integrate= MArray2[3,3] = 
	[ 
   -2998.2     606.71     22.471 
    606.71      -3069     15.168 
    22.471     15.168    -3060.9 
	]

*******************************************************
---> yield_surface_val = 40171
plastic!

>>> dlambda = 0.0019756
>>> strain_trial = MArray2[3,3] = 
	[ 
  -0.03785      0.021 0.00077778 
     0.021    -0.0403   0.000525 
0.00077778   0.000525   -0.04002 
	]

Inside Check stress_multiply yf_val = -1.4552e-11
stress_multiply = MArray2[3,3] = 
	[ 
-3.8279e+05      77561     2872.6 
     77561 -3.9184e+05       1939 
    2872.6       1939 -3.9081e+05 
	]

_stress_dev_iter=MArray2[3,3] = 
	[ 
    5687.8      77561     2872.6 
     77561      -3361       1939 
    2872.6       1939    -2326.8 
	]

0.021	77561
*******************************************************
Step Number = 20
diff stress = MArray2[3,3] = 
	[ 
         0 2.2169e-11 1.0658e-12 
2.2169e-11  4.502e-11 8.5976e-13 
1.0836e-12 8.0114e-13 -1.4643e-10 
	]

-------------------------------------------------------
stress_multiply = MArray2[3,3] = 
	[ 
   -2998.2     606.71     22.471 
    606.71      -3069     15.168 
    22.471     15.168    -3060.9 
	]

stress_integrate= MArray2[3,3] = 
	[ 
   -2998.2     606.71     22.471 
    606.71      -3069     15.168 
    22.471     15.168    -3060.9 
	]

*******************************************************
---> yield_surface_val = 40171
plastic!

>>> dlambda = 0.0019756
>>> strain_trial = MArray2[3,3] = 
	[ 
 -0.037767      0.022 0.00081481 
     0.022  -0.040333    0.00055 
0.00081481    0.00055   -0.04004 
	]

Inside Check stress_multiply yf_val = -2.9104e-11
stress_multiply = MArray2[3,3] = 
	[ 
-3.8579e+05      78167     2895.1 
     78167 -3.9491e+05     1954.2 
    2895.1     1954.2 -3.9387e+05 
	]

_stress_dev_iter=MArray2[3,3] = 
	[ 
    5732.3      78167     2895.1 
     78167    -3387.3     1954.2 
    2895.1     1954.2      -2345 
	]

0.022	78167
*******************************************************
Step Number = 21
diff stress = MArray2[3,3] = 
	[ 
8.6402e-12 -1.2619e-11 8.8107e-13 
-1.2619e-11  5.366e-11 4.2455e-13 
7.6028e-13 3.6771e-13 -8.049e-11 
	]

-------------------------------------------------------
stress_multiply = MArray2[3,3] = 
	[ 
   -2998.2     606.71     22.471 
    606.71      -3069     15.168 
    22.471     15.168    -3060.9 
	]

stress_integrate= MArray2[3,3] = 
	[ 
   -2998.2     606.71     22.471 
    606.71      -3069     15.168 
    22.471     15.168    -3060.9 
	]

*******************************************************
---> yield_surface_val = 40171
plastic!

>>> dlambda = 0.0019756
>>> strain_trial = MArray2[3,3] = 
	[ 
 -0.037683      0.023 0.00085185 
     0.023  -0.040367   0.000575 
0.00085185   0.000575   -0.04006 
	]

Inside Check stress_multiply yf_val = 0
stress_multiply = MArray2[3,3] = 
	[ 
-3.8879e+05      78774     2917.6 
     78774 -3.9798e+05     1969.4 
    2917.6     1969.4 -3.9693e+05 
	]

_stress_dev_iter=MArray2[3,3] = 
	[ 
    5776.8      78774     2917.6 
     78774    -3413.5     1969.4 
    2917.6     1969.4    -2363.2 
	]

0.023	78774
*******************************************************
Step Number = 22
diff stress = MArray2[3,3] = 
	[ 
1.5916e-11 -3.8654e-11 -1.4566e-13 
-3.8654e-11   6.23e-11 -5.9153e-13 
-2.5935e-13 -6.3594e-13 -7.2305e-11 
	]

-------------------------------------------------------
stress_multiply = MArray2[3,3] = 
	[ 
   -2998.2     606.71     22.471 
    606.71      -3069     15.168 
    22.471     15.168    -3060.9 
	]

stress_integrate= MArray2[3,3] = 
	[ 
   -2998.2     606.71     22.471 
    606.71      -3069     15.168 
    22.471     15.168    -3060.9 
	]

*******************************************************
---> yield_surface_val = 40171
plastic!

>>> dlambda = 0.0019756
>>> strain_trial = MArray2[3,3] = 
	[ 
   -0.0376      0.024 0.00088889 
     0.024    -0.0404     0.0006 
0.00088889     0.0006   -0.04008 
	]

Inside Check stress_multiply yf_val = 1.4552e-11
stress_multiply = MArray2[3,3] = 
	[ 
-3.9179e+05      79381       2940 
     79381 -4.0105e+05     1984.5 
      2940     1984.5 -3.9999e+05 
	]

_stress_dev_iter=MArray2[3,3] = 
	[ 
    5821.3      79381       2940 
     79381    -3439.8     1984.5 
      2940     1984.5    -2381.4 
	]

0.024	79381
*******************************************************
Step Number = 23
diff stress = MArray2[3,3] = 
	[ 
1.4097e-11 1.6826e-11 1.5206e-12 
1.6826e-11 5.9117e-11 1.2559e-12 
1.4779e-12 1.2097e-12 -7.6852e-11 
	]

-------------------------------------------------------
stress_multiply = MArray2[3,3] = 
	[ 
   -2998.2     606.71     22.471 
    606.71      -3069     15.168 
    22.471     15.168    -3060.9 
	]

stress_integrate= MArray2[3,3] = 
	[ 
   -2998.2     606.71     22.471 
    606.71      -3069     15.168 
    22.471     15.168    -3060.9 
	]

*******************************************************
---> yield_surface_val = 40171
plastic!

>>> dlambda = 0.0019756
>>> strain_trial = MArray2[3,3] = 
	[ 
 -0.037517      0.025 0.00092593 
     0.025  -0.040433   0.000625 
0.00092593   0.000625    -0.0401 
	]

Inside Check stress_multiply yf_val = 2.9104e-11
stress_multiply = MArray2[3,3] = 
	[ 
-3.9478e+05      79987     2962.5 
     79987 -4.0412e+05     1999.7 
    2962.5     1999.7 -4.0305e+05 
	]

_stress_dev_iter=MArray2[3,3] = 
	[ 
    5865.7      79987     2962.5 
     79987    -3466.1     1999.7 
    2962.5     1999.7    -2399.6 
	]

0.025	79987
*******************************************************
Step Number = 24
diff stress = MArray2[3,3] = 
	[ 
9.0949e-12 1.7508e-11  1.009e-12 
1.7508e-11 5.4115e-11 1.2772e-12 
1.2079e-12 1.2239e-12 -1.3915e-10 
	]

-------------------------------------------------------
stress_multiply = MArray2[3,3] = 
	[ 
   -2998.2     606.71     22.471 
    606.71      -3069     15.168 
    22.471     15.168    -3060.9 
	]

stress_integrate= MArray2[3,3] = 
	[ 
   -2998.2     606.71     22.471 
    606.71      -3069     15.168 
    22.471     15.168    -3060.9 
	]

*******************************************************
---> yield_surface_val = 40171
plastic!

>>> dlambda = 0.0019756
>>> strain_trial = MArray2[3,3] = 
	[ 
 -0.037433      0.026 0.00096296 
     0.026  -0.040467    0.00065 
0.00096296    0.00065   -0.04012 
	]

Inside Check stress_multiply yf_val = 0
stress_multiply = MArray2[3,3] = 
	[ 
-3.9778e+05      80594       2985 
     80594 -4.0719e+05     2014.9 
      2985     2014.9 -4.0611e+05 
	]

_stress_dev_iter=MArray2[3,3] = 
	[ 
    5910.2      80594       2985 
     80594    -3492.4     2014.9 
      2985     2014.9    -2417.8 
	]

0.026	80594
*******************************************************
Step Number = 25
diff stress = MArray2[3,3] = 
	[ 
 7.276e-12 1.7167e-11 1.3927e-12 
1.7167e-11 5.1386e-11 1.0445e-12 
1.3287e-12 1.0356e-12 -8.3219e-11 
	]

-------------------------------------------------------
stress_multiply = MArray2[3,3] = 
	[ 
   -2998.2     606.71     22.471 
    606.71      -3069     15.168 
    22.471     15.168    -3060.9 
	]

stress_integrate= MArray2[3,3] = 
	[ 
   -2998.2     606.71     22.471 
    606.71      -3069     15.168 
    22.471     15.168    -3060.9 
	]

*******************************************************
---> yield_surface_val = 40171
plastic!

>>> dlambda = 0.0019756
>>> strain_trial = MArray2[3,3] = 
	[ 
  -0.03735      0.027      0.001 
     0.027    -0.0405   0.000675 
     0.001   0.000675   -0.04014 
	]

Inside Check stress_multiply yf_val = -2.9104e-11
stress_multiply = MArray2[3,3] = 
	[ 
-4.0078e+05      81201     3007.4 
     81201 -4.1025e+05       2030 
    3007.4       2030 -4.0917e+05 
	]

_stress_dev_iter=MArray2[3,3] = 
	[ 
    5954.7      81201     3007.4 
     81201    -3518.7       2030 
    3007.4       2030      -2436 
	]

0.027	81201
*******************************************************
Step Number = 26
diff stress = MArray2[3,3] = 
	[ 
1.2278e-11 -2.2737e-13 7.9936e-13 
-2.2737e-13 5.7298e-11  3.535e-13 
8.3489e-13 3.6238e-13 -7.8217e-11 
	]

-------------------------------------------------------
stress_multiply = MArray2[3,3] = 
	[ 
   -2998.2     606.71     22.471 
    606.71      -3069     15.168 
    22.471     15.168    -3060.9 
	]

stress_integrate= MArray2[3,3] = 
	[ 
   -2998.2     606.71     22.471 
    606.71      -3069     15.168 
    22.471     15.168    -3060.9 
	]

*******************************************************
---> yield_surface_val = 40171
plastic!

>>> dlambda = 0.0019756
>>> strain_trial = MArray2[3,3] = 
	[ 
 -0.037267      0.028   0.001037 
     0.028  -0.040533     0.0007 
  0.001037     0.0007   -0.04016 
	]

Inside Check stress_multiply yf_val = 1.4552e-11
stress_multiply = MArray2[3,3] = 
	[ 
-4.0378e+05      81808     3029.9 
     81808 -4.1332e+05     2045.2 
    3029.9     2045.2 -4.1223e+05 
	]

_stress_dev_iter=MArray2[3,3] = 
	[ 
    5999.2      81808     3029.9 
     81808      -3545     2045.2 
    3029.9     2045.2    -2454.2 
	]

0.028	81808
*******************************************************
Step Number = 27
diff stress = MArray2[3,3] = 
	[ 
6.6848e-11 4.3201e-12 1.1831e-12 
4.3201e-12  5.366e-11 7.9048e-13 
1.2292e-12 7.9048e-13 -1.4006e-10 
	]

-------------------------------------------------------
stress_multiply = MArray2[3,3] = 
	[ 
   -2998.2     606.71     22.471 
    606.71      -3069     15.168 
    22.471     15.168    -3060.9 
	]

stress_integrate= MArray2[3,3] = 
	[ 
   -2998.2     606.71     22.471 
    606.71      -3069     15.168 
    22.471     15.168    -3060.9 
	]

*******************************************************
---> yield_surface_val = 40171
plastic!

>>> dlambda = 0.0019756
>>> strain_trial = MArray2[3,3] = 
	[ 
 -0.037183      0.029  0.0010741 
     0.029  -0.040567   0.000725 
 0.0010741   0.000725   -0.04018 
	]

Inside Check stress_multiply yf_val = 0
stress_multiply = MArray2[3,3] = 
	[ 
-4.0678e+05      82414     3052.4 
     82414 -4.1639e+05     2060.4 
    3052.4     2060.4 -4.1529e+05 
	]

_stress_dev_iter=MArray2[3,3] = 
	[ 
    6043.7      82414     3052.4 
     82414    -3571.3     2060.4 
    3052.4     2060.4    -2472.4 
	]

0.029	82414
*******************************************************
Step Number = 28
diff stress = MArray2[3,3] = 
	[ 
 5.457e-12 -3.6266e-11 -9.0594e-13 
-3.6266e-11 5.0932e-11 -2.8422e-14 
-1.0694e-12 3.3751e-14 -8.5038e-11 
	]

-------------------------------------------------------
stress_multiply = MArray2[3,3] = 
	[ 
   -2998.2     606.71     22.471 
    606.71      -3069     15.168 
    22.471     15.168    -3060.9 
	]

stress_integrate= MArray2[3,3] = 
	[ 
   -2998.2     606.71     22.471 
    606.71      -3069     15.168 
    22.471     15.168    -3060.9 
	]

*******************************************************
---> yield_surface_val = 40171
plastic!

>>> dlambda = 0.0019756
>>> strain_trial = MArray2[3,3] = 
	[ 
   -0.0371       0.03  0.0011111 
      0.03    -0.0406    0.00075 
 0.0011111    0.00075    -0.0402 
	]

Inside Check stress_multiply yf_val = 2.9104e-11
stress_multiply = MArray2[3,3] = 
	[ 
-4.0978e+05      83021     3074.9 
     83021 -4.1946e+05     2075.5 
    3074.9     2075.5 -4.1835e+05 
	]

_stress_dev_iter=MArray2[3,3] = 
	[ 
    6088.2      83021     3074.9 
     83021    -3597.6     2075.5 
    3074.9     2075.5    -2490.6 
	]

0.03	83021
*******************************************************
Step Number = 29
diff stress = MArray2[3,3] = 
	[ 
1.3642e-11 3.7858e-11 1.8616e-12 
3.7858e-11 5.7753e-11 1.5401e-12 
1.8119e-12 1.5064e-12 -7.8671e-11 
	]

-------------------------------------------------------
stress_multiply = MArray2[3,3] = 
	[ 
   -2998.2     606.71     22.471 
    606.71      -3069     15.168 
    22.471     15.168    -3060.9 
	]

stress_integrate= MArray2[3,3] = 
	[ 
   -2998.2     606.71     22.471 
    606.71      -3069     15.168 
    22.471     15.168    -3060.9 
	]

*******************************************************
---> yield_surface_val = 40171
plastic!

>>> dlambda = 0.0019756
>>> strain_trial = MArray2[3,3] = 
	[ 
 -0.037017      0.031  0.0011481 
     0.031  -0.040633   0.000775 
 0.0011481   0.000775   -0.04022 
	]

Inside Check stress_multiply yf_val = -1.4552e-11
stress_multiply = MArray2[3,3] = 
	[ 
-4.1277e+05      83628     3097.3 
     83628 -4.2253e+05     2090.7 
    3097.3     2090.7 -4.2142e+05 
	]

_stress_dev_iter=MArray2[3,3] = 
	[ 
    6132.7      83628     3097.3 
     83628    -3623.9     2090.7 
    3097.3     2090.7    -2508.8 
	]

0.031	83628
*******************************************************
Step Number = 30
diff stress = MArray2[3,3] = 
	[ 
1.0459e-11 1.6485e-11 1.8652e-12 
1.6485e-11  5.457e-11 1.2434e-12 
2.0179e-12 1.1937e-12  -8.14e-11 
	]

-------------------------------------------------------
stress_multiply = MArray2[3,3] = 
	[ 
   -2998.2     606.71     22.471 
    606.71      -3069     15.168 
    22.471     15.168    -3060.9 
	]

stress_integrate= MArray2[3,3] = 
	[ 
   -2998.2     606.71     22.471 
    606.71      -3069     15.168 
    22.471     15.168    -3060.9 
	]

*******************************************************
---> yield_surface_val = 40171
plastic!

>>> dlambda = 0.0019756
>>> strain_trial = MArray2[3,3] = 
	[ 
 -0.036933      0.032  0.0011852 
     0.032  -0.040667     0.0008 
 0.0011852     0.0008   -0.04024 
	]

Inside Check stress_multiply yf_val = -1.4552e-11
stress_multiply = MArray2[3,3] = 
	[ 
-4.1577e+05      84234     3119.8 
     84234 -4.256e+05     2105.9 
    3119.8     2105.9 -4.2448e+05 
	]

_stress_dev_iter=MArray2[3,3] = 
	[ 
    6177.2      84234     3119.8 
     84234    -3650.2     2105.9 
    3119.8     2105.9      -2527 
	]

0.032	84234
*******************************************************
Step Number = 31
diff stress = MArray2[3,3] = 
	[ 
6.3665e-12 -1.1596e-11          0 
-1.1596e-11 5.1386e-11 9.6279e-13 
-9.5923e-14 8.7041e-13 -1.4279e-10 
	]

-------------------------------------------------------
stress_multiply = MArray2[3,3] = 
	[ 
   -2998.2     606.71     22.471 
    606.71      -3069     15.168 
    22.471     15.168    -3060.9 
	]

stress_integrate= MArray2[3,3] = 
	[ 
   -2998.2     606.71     22.471 
    606.71      -3069     15.168 
    22.471     15.168    -3060.9 
	]

*******************************************************
---> yield_surface_val = 40171
plastic!

>>> dlambda = 0.0019756
>>> strain_trial = MArray2[3,3] = 
	[ 
  -0.03685      0.033  0.0012222 
     0.033    -0.0407   0.000825 
 0.0012222   0.000825   -0.04026 
	]

Inside Check stress_multiply yf_val = 1.4552e-11
stress_multiply = MArray2[3,3] = 
	[ 
-4.1877e+05      84841     3142.3 
     84841 -4.2867e+05       2121 
    3142.3       2121 -4.2754e+05 
	]

_stress_dev_iter=MArray2[3,3] = 
	[ 
    6221.7      84841     3142.3 
     84841    -3676.4       2121 
    3142.3       2121    -2545.2 
	]

0.033	84841
*******************************************************
Step Number = 32
diff stress = MArray2[3,3] = 
	[ 
6.4119e-11 2.5352e-11 2.0925e-12 
2.5352e-11 4.9567e-11 2.1441e-12 
2.3377e-12 2.1529e-12 -8.7311e-11 
	]

-------------------------------------------------------
stress_multiply = MArray2[3,3] = 
	[ 
   -2998.2     606.71     22.471 
    606.71      -3069     15.168 
    22.471     15.168    -3060.9 
	]

stress_integrate= MArray2[3,3] = 
	[ 
   -2998.2     606.71     22.471 
