Script started on Mon 14 Aug 2017 08:58:19 PM PDT
-0	-0
---> yield_surface_val = -25928.7 
elastic!!

0.001	40000
*******************************************************
Step Number = 0
diff stress = MArray2[3,3] = 
	[ 
1.9099e-11          0          0 
         0 -1.9327e-11          0 
         0          0          0 
	]

-------------------------------------------------------
stress_multiply = MArray2[3,3] = 
	[ 
    3183.3      40000     1481.5 
     40000    -1483.3       1000 
    1481.5       1000       -950 
	]

stress_integrate= MArray2[3,3] = 
	[ 
    3183.3      40000     1481.5 
     40000    -1483.3       1000 
    1481.5       1000       -950 
	]

*******************************************************
---> yield_surface_val = 14243 
plastic!

---->>> debug step 1 
 ---->>>> iter = 1
---->>> debug step 2 
 ---->>> debug step 3 
 ---->>> debug step 4 
 ---->>> debug step 5 
 --->>> debug step 6 
 --->>> debug step 7 
 --->>> debug step 8 
 0.002	66033
*******************************************************
Step Number = 1
diff stress = MArray2[3,3] = 
	[ 
   -3989.9     -25427    -941.72 
    -25427    -1023.5    -635.66 
   -941.72    -635.66    -1362.5 
	]

-------------------------------------------------------
stress_multiply = MArray2[3,3] = 
	[ 
   -2998.2     606.71     22.471 
    606.71      -3069     15.168 
    22.471     15.168    -3060.9 
	]

stress_integrate= MArray2[3,3] = 
	[ 
    991.68      26033     964.19 
     26033    -2045.5     650.83 
    964.19     650.83    -1698.4 
	]

*******************************************************
---> yield_surface_val = 40171 
plastic!

---->>> debug step 1 
 ---->>>> iter = 1
---->>> debug step 2 
 ---->>> debug step 3 
 ---->>> debug step 4 
 ---->>> debug step 5 
 --->>> debug step 6 
 --->>> debug step 7 
 --->>> debug step 8 
 0.003	66640
*******************************************************
Step Number = 2
diff stress = MArray2[3,3] = 
	[ 
-7.0486e-11  7.276e-12 6.8567e-13 
 7.276e-12 -7.2305e-11 2.4869e-13 
6.9988e-13 2.4158e-13 -4.7294e-11 
	]

-------------------------------------------------------
stress_multiply = MArray2[3,3] = 
	[ 
   -2998.2     606.71     22.471 
    606.71      -3069     15.168 
    22.471     15.168    -3060.9 
	]

stress_integrate= MArray2[3,3] = 
	[ 
   -2998.2     606.71     22.471 
    606.71      -3069     15.168 
    22.471     15.168    -3060.9 
	]

*******************************************************
---> yield_surface_val = 40171 
plastic!

---->>> debug step 1 
 ---->>>> iter = 1
---->>> debug step 2 
 ---->>> debug step 3 
 ---->>> debug step 4 
 ---->>> debug step 5 
 --->>> debug step 6 
 --->>> debug step 7 
 --->>> debug step 8 
 0.004	67247
*******************************************************
Step Number = 3
diff stress = MArray2[3,3] = 
	[ 
-1.3642e-11 4.8885e-11 1.3429e-12 
4.8885e-11 -1.5007e-11 8.6153e-13 
1.3287e-12 9.1482e-13 1.4097e-11 
	]

-------------------------------------------------------
stress_multiply = MArray2[3,3] = 
	[ 
   -2998.2     606.71     22.471 
    606.71      -3069     15.168 
    22.471     15.168    -3060.9 
	]

stress_integrate= MArray2[3,3] = 
	[ 
   -2998.2     606.71     22.471 
    606.71      -3069     15.168 
    22.471     15.168    -3060.9 
	]

*******************************************************
---> yield_surface_val = 40171 
plastic!

---->>> debug step 1 
 ---->>>> iter = 1
---->>> debug step 2 
 ---->>> debug step 3 
 ---->>> debug step 4 
 ---->>> debug step 5 
 --->>> debug step 6 
 --->>> debug step 7 
 --->>> debug step 8 
 0.005	67853
*******************************************************
Step Number = 4
diff stress = MArray2[3,3] = 
	[ 
-1.819e-11 -1.7735e-11 -8.5265e-13 
-1.7735e-11 -1.5916e-11 -3.3396e-13 
-8.6686e-13 -3.9968e-13 1.6826e-11 
	]

-------------------------------------------------------
stress_multiply = MArray2[3,3] = 
	[ 
   -2998.2     606.71     22.471 
    606.71      -3069     15.168 
    22.471     15.168    -3060.9 
	]

stress_integrate= MArray2[3,3] = 
	[ 
   -2998.2     606.71     22.471 
    606.71      -3069     15.168 
    22.471     15.168    -3060.9 
	]

*******************************************************
---> yield_surface_val = 40171 
plastic!

---->>> debug step 1 
 ---->>>> iter = 1
---->>> debug step 2 
 ---->>> debug step 3 
 ---->>> debug step 4 
 ---->>> debug step 5 
 --->>> debug step 6 
 --->>> debug step 7 
 --->>> debug step 8 
 0.006	68460
*******************************************************
Step Number = 5
diff stress = MArray2[3,3] = 
	[ 
-1.9554e-11 1.0914e-11 -4.6185e-14 
1.0914e-11 -1.5916e-11 -3.0198e-14 
-1.1369e-13 8.8818e-15 -3.7289e-11 
	]

-------------------------------------------------------
stress_multiply = MArray2[3,3] = 
	[ 
   -2998.2     606.71     22.471 
    606.71      -3069     15.168 
    22.471     15.168    -3060.9 
	]

stress_integrate= MArray2[3,3] = 
	[ 
   -2998.2     606.71     22.471 
    606.71      -3069     15.168 
    22.471     15.168    -3060.9 
	]

*******************************************************
---> yield_surface_val = 40171 
plastic!

---->>> debug step 1 
 ---->>>> iter = 1
---->>> debug step 2 
 ---->>> debug step 3 
 ---->>> debug step 4 
 ---->>> debug step 5 
 --->>> debug step 6 
 --->>> debug step 7 
 --->>> debug step 8 
 0.007	69067
*******************************************************
Step Number = 6
diff stress = MArray2[3,3] = 
	[ 
-2.4102e-11 -2.7853e-11 -1.3571e-12 
-2.7853e-11 -1.7735e-11 -9.9298e-13 
-1.3394e-12 -1.0516e-12 1.0914e-11 
	]

-------------------------------------------------------
stress_multiply = MArray2[3,3] = 
	[ 
   -2998.2     606.71     22.471 
    606.71      -3069     15.168 
    22.471     15.168    -3060.9 
	]

stress_integrate= MArray2[3,3] = 
	[ 
   -2998.2     606.71     22.471 
    606.71      -3069     15.168 
    22.471     15.168    -3060.9 
	]

*******************************************************
---> yield_surface_val = 40171 
plastic!

---->>> debug step 1 
 ---->>>> iter = 1
---->>> debug step 2 
 ---->>> debug step 3 
 ---->>> debug step 4 
 ---->>> debug step 5 
 --->>> debug step 6 
 --->>> debug step 7 
 --->>> debug step 8 
 0.008	69673
*******************************************************
Step Number = 7
diff stress = MArray2[3,3] = 
	[ 
-1.1369e-11 3.0809e-11 1.0481e-12 
3.0809e-11 -4.5475e-12  7.887e-13 
1.0978e-12 7.8337e-13 -2.9104e-11 
	]

-------------------------------------------------------
stress_multiply = MArray2[3,3] = 
	[ 
   -2998.2     606.71     22.471 
    606.71      -3069     15.168 
    22.471     15.168    -3060.9 
	]

stress_integrate= MArray2[3,3] = 
	[ 
   -2998.2     606.71     22.471 
    606.71      -3069     15.168 
    22.471     15.168    -3060.9 
	]

*******************************************************
---> yield_surface_val = 40171 
plastic!

---->>> debug step 1 
 ---->>>> iter = 1
---->>> debug step 2 
 ---->>> debug step 3 
 ---->>> debug step 4 
 ---->>> debug step 5 
 --->>> debug step 6 
 --->>> debug step 7 
 --->>> debug step 8 
 0.009	70280
*******************************************************
Step Number = 8
diff stress = MArray2[3,3] = 
	[ 
3.0468e-11 7.9581e-12 2.4869e-13 
7.9581e-12 -1.819e-11 1.5987e-14 
1.9895e-13 6.5725e-14  5.457e-12 
	]

-------------------------------------------------------
stress_multiply = MArray2[3,3] = 
	[ 
   -2998.2     606.71     22.471 
    606.71      -3069     15.168 
    22.471     15.168    -3060.9 
	]

stress_integrate= MArray2[3,3] = 
	[ 
   -2998.2     606.71     22.471 
    606.71      -3069     15.168 
    22.471     15.168    -3060.9 
	]

*******************************************************
---> yield_surface_val = 40171 
plastic!

---->>> debug step 1 
 ---->>>> iter = 1
---->>> debug step 2 
 ---->>> debug step 3 
 ---->>> debug step 4 
 ---->>> debug step 5 
 --->>> debug step 6 
 --->>> debug step 7 
 --->>> debug step 8 
 0.01	70887
*******************************************************
Step Number = 9
diff stress = MArray2[3,3] = 
	[ 
-1.5916e-11 2.4215e-11 4.1567e-13 
2.4215e-11 -1.9099e-11 5.5778e-13 
4.1922e-13 6.3594e-13 9.0949e-12 
	]

-------------------------------------------------------
stress_multiply = MArray2[3,3] = 
	[ 
   -2998.2     606.71     22.471 
    606.71      -3069     15.168 
    22.471     15.168    -3060.9 
	]

stress_integrate= MArray2[3,3] = 
	[ 
   -2998.2     606.71     22.471 
    606.71      -3069     15.168 
    22.471     15.168    -3060.9 
	]

*******************************************************
---> yield_surface_val = 40171 
plastic!

---->>> debug step 1 
 ---->>>> iter = 1
---->>> debug step 2 
 ---->>> debug step 3 
 ---->>> debug step 4 
 ---->>> debug step 5 
 --->>> debug step 6 
 --->>> debug step 7 
 --->>> debug step 8 
 0.011	71494
*******************************************************
Step Number = 10
diff stress = MArray2[3,3] = 
	[ 
-2.0464e-11 -2.1146e-11 -1.0445e-12 
-2.1146e-11 -2.0464e-11 -8.0824e-13 
-9.2726e-13 -8.2245e-13 1.2733e-11 
	]

-------------------------------------------------------
stress_multiply = MArray2[3,3] = 
	[ 
   -2998.2     606.71     22.471 
    606.71      -3069     15.168 
    22.471     15.168    -3060.9 
	]

stress_integrate= MArray2[3,3] = 
	[ 
   -2998.2     606.71     22.471 
    606.71      -3069     15.168 
    22.471     15.168    -3060.9 
	]

*******************************************************
---> yield_surface_val = 40171 
plastic!

---->>> debug step 1 
 ---->>>> iter = 1
---->>> debug step 2 
 ---->>> debug step 3 
 ---->>> debug step 4 
 ---->>> debug step 5 
 --->>> debug step 6 
 --->>> debug step 7 
 --->>> debug step 8 
 0.012	72100
*******************************************************
Step Number = 11
diff stress = MArray2[3,3] = 
	[ 
-2.4102e-11 -5.798e-12 -1.9895e-13 
-5.798e-12 -2.1828e-11 1.9185e-13 
-3.5527e-13 2.1316e-13 1.6826e-11 
	]

-------------------------------------------------------
stress_multiply = MArray2[3,3] = 
	[ 
   -2998.2     606.71     22.471 
    606.71      -3069     15.168 
    22.471     15.168    -3060.9 
	]

stress_integrate= MArray2[3,3] = 
	[ 
   -2998.2     606.71     22.471 
    606.71      -3069     15.168 
    22.471     15.168    -3060.9 
	]

*******************************************************
---> yield_surface_val = 40171 
plastic!

---->>> debug step 1 
 ---->>>> iter = 1
---->>> debug step 2 
 ---->>> debug step 3 
 ---->>> debug step 4 
 ---->>> debug step 5 
 --->>> debug step 6 
 --->>> debug step 7 
 --->>> debug step 8 
 0.013	72707
*******************************************************
Step Number = 12
diff stress = MArray2[3,3] = 
	[ 
-2.5921e-11 2.3647e-11 1.9895e-13 
2.3647e-11 -2.1373e-11 4.3698e-13 
 2.629e-13 4.4764e-13 -3.8654e-11 
	]

-------------------------------------------------------
stress_multiply = MArray2[3,3] = 
	[ 
   -2998.2     606.71     22.471 
    606.71      -3069     15.168 
    22.471     15.168    -3060.9 
	]

stress_integrate= MArray2[3,3] = 
	[ 
   -2998.2     606.71     22.471 
    606.71      -3069     15.168 
    22.471     15.168    -3060.9 
	]

*******************************************************
---> yield_surface_val = 40171 
plastic!

---->>> debug step 1 
 ---->>>> iter = 1
---->>> debug step 2 
 ---->>> debug step 3 
 ---->>> debug step 4 
 ---->>> debug step 5 
 --->>> debug step 6 
 --->>> debug step 7 
 --->>> debug step 8 
 0.014	73314
*******************************************************
Step Number = 13
diff stress = MArray2[3,3] = 
	[ 
2.9104e-11 -2.7285e-12 4.6185e-13 
-2.7285e-12 -2.2283e-11 1.0658e-14 
3.4106e-13 -5.3291e-15 1.0459e-11 
	]

-------------------------------------------------------
stress_multiply = MArray2[3,3] = 
	[ 
   -2998.2     606.71     22.471 
    606.71      -3069     15.168 
    22.471     15.168    -3060.9 
	]

stress_integrate= MArray2[3,3] = 
	[ 
   -2998.2     606.71     22.471 
    606.71      -3069     15.168 
    22.471     15.168    -3060.9 
	]

*******************************************************
---> yield_surface_val = 40171 
plastic!

---->>> debug step 1 
 ---->>>> iter = 1
---->>> debug step 2 
 ---->>> debug step 3 
 ---->>> debug step 4 
 ---->>> debug step 5 
 --->>> debug step 6 
 --->>> debug step 7 
 --->>> debug step 8 
 0.015	73920
*******************************************************
Step Number = 14
diff stress = MArray2[3,3] = 
	[ 
-2.0464e-11 -2.2737e-12 -4.0501e-13 
-2.2737e-12 -2.3192e-11 -5.2935e-13 
-4.0146e-13 -5.1514e-13 1.3188e-11 
	]

-------------------------------------------------------
stress_multiply = MArray2[3,3] = 
	[ 
   -2998.2     606.71     22.471 
    606.71      -3069     15.168 
    22.471     15.168    -3060.9 
	]

stress_integrate= MArray2[3,3] = 
	[ 
   -2998.2     606.71     22.471 
    606.71      -3069     15.168 
    22.471     15.168    -3060.9 
	]

*******************************************************
---> yield_surface_val = 40171 
plastic!

---->>> debug step 1 
 ---->>>> iter = 1
---->>> debug step 2 
 ---->>> debug step 3 
 ---->>> debug step 4 
 ---->>> debug step 5 
 --->>> debug step 6 
 --->>> debug step 7 
 --->>> debug step 8 
 0.016	74527
*******************************************************
Step Number = 15
diff stress = MArray2[3,3] = 
	[ 
-2.2283e-11  -1.08e-11 -8.1712e-13 
 -1.08e-11 -2.3192e-11 -3.2152e-13 
-8.9528e-13 -3.002e-13 1.6371e-11 
	]

-------------------------------------------------------
stress_multiply = MArray2[3,3] = 
	[ 
   -2998.2     606.71     22.471 
    606.71      -3069     15.168 
    22.471     15.168    -3060.9 
	]

stress_integrate= MArray2[3,3] = 
	[ 
   -2998.2     606.71     22.471 
    606.71      -3069     15.168 
    22.471     15.168    -3060.9 
	]

*******************************************************
---> yield_surface_val = 40171 
plastic!

---->>> debug step 1 
 ---->>>> iter = 1
---->>> debug step 2 
 ---->>> debug step 3 
 ---->>> debug step 4 
 ---->>> debug step 5 
 --->>> debug step 6 
 --->>> debug step 7 
 --->>> debug step 8 
 0.017	75134
*******************************************************
Step Number = 16
diff stress = MArray2[3,3] = 
	[ 
-2.4102e-11 1.2506e-11 5.6843e-13 
1.2506e-11 -2.3192e-11 5.1337e-13 
6.6791e-13  5.933e-13 -3.7289e-11 
	]

-------------------------------------------------------
stress_multiply = MArray2[3,3] = 
	[ 
   -2998.2     606.71     22.471 
    606.71      -3069     15.168 
    22.471     15.168    -3060.9 
	]

stress_integrate= MArray2[3,3] = 
	[ 
   -2998.2     606.71     22.471 
    606.71      -3069     15.168 
    22.471     15.168    -3060.9 
	]

*******************************************************
---> yield_surface_val = 40171 
plastic!

---->>> debug step 1 
 ---->>>> iter = 1
---->>> debug step 2 
 ---->>> debug step 3 
 ---->>> debug step 4 
 ---->>> debug step 5 
 --->>> debug step 6 
 --->>> debug step 7 
 --->>> debug step 8 
 0.018	75741
*******************************************************
Step Number = 17
diff stress = MArray2[3,3] = 
	[ 
-2.6375e-11 7.9581e-13 -5.0449e-13 
7.9581e-13 -2.4556e-11 -2.629e-13 
-4.8317e-13 -2.7711e-13 1.0914e-11 
	]

-------------------------------------------------------
stress_multiply = MArray2[3,3] = 
	[ 
   -2998.2     606.71     22.471 
    606.71      -3069     15.168 
    22.471     15.168    -3060.9 
	]

stress_integrate= MArray2[3,3] = 
	[ 
   -2998.2     606.71     22.471 
    606.71      -3069     15.168 
    22.471     15.168    -3060.9 
	]

*******************************************************
---> yield_surface_val = 40171 
plastic!

---->>> debug step 1 
 ---->>>> iter = 1
---->>> debug step 2 
 ---->>> debug step 3 
 ---->>> debug step 4 
 ---->>> debug step 5 
 --->>> debug step 6 
 --->>> debug step 7 
 --->>> debug step 8 
 0.019	76347
*******************************************************
Step Number = 18
diff stress = MArray2[3,3] = 
	[ 
-7.5033e-11 3.3651e-11 1.3003e-12 
3.3651e-11 -7.0031e-11 9.6989e-13 
1.2754e-12 8.7219e-13 -8.8676e-11 
	]

-------------------------------------------------------
stress_multiply = MArray2[3,3] = 
	[ 
   -2998.2     606.71     22.471 
    606.71      -3069     15.168 
    22.471     15.168    -3060.9 
	]

stress_integrate= MArray2[3,3] = 
	[ 
   -2998.2     606.71     22.471 
    606.71      -3069     15.168 
    22.471     15.168    -3060.9 
	]

*******************************************************
---> yield_surface_val = 40171 
plastic!

---->>> debug step 1 
 ---->>>> iter = 1
---->>> debug step 2 
 ---->>> debug step 3 
 ---->>> debug step 4 
 ---->>> debug step 5 
 --->>> debug step 6 
 --->>> debug step 7 
 --->>> debug step 8 
 0.02	76954
*******************************************************
Step Number = 19
diff stress = MArray2[3,3] = 
	[ 
-5.9117e-12  3.979e-11   1.35e-12 
 3.979e-11 -4.5475e-13 1.0321e-12 
1.2932e-12 1.0232e-12 -2.7285e-11 
	]

-------------------------------------------------------
stress_multiply = MArray2[3,3] = 
	[ 
   -2998.2     606.71     22.471 
    606.71      -3069     15.168 
    22.471     15.168    -3060.9 
	]

stress_integrate= MArray2[3,3] = 
	[ 
   -2998.2     606.71     22.471 
    606.71      -3069     15.168 
    22.471     15.168    -3060.9 
	]

*******************************************************
---> yield_surface_val = 40171 
plastic!

---->>> debug step 1 
 ---->>>> iter = 1
---->>> debug step 2 
 ---->>> debug step 3 
 ---->>> debug step 4 
 ---->>> debug step 5 
 --->>> debug step 6 
 --->>> debug step 7 
 --->>> debug step 8 
 0.021	77561
*******************************************************
Step Number = 20
diff stress = MArray2[3,3] = 
	[ 
-9.5497e-12 -5.6843e-13 7.1054e-14 
-5.6843e-13 -9.0949e-13 -3.606e-13 
8.8818e-14 -3.0376e-13 -3.5925e-11 
	]

-------------------------------------------------------
stress_multiply = MArray2[3,3] = 
	[ 
   -2998.2     606.71     22.471 
    606.71      -3069     15.168 
    22.471     15.168    -3060.9 
	]

stress_integrate= MArray2[3,3] = 
	[ 
   -2998.2     606.71     22.471 
    606.71      -3069     15.168 
    22.471     15.168    -3060.9 
	]

*******************************************************
---> yield_surface_val = 40171 
plastic!

---->>> debug step 1 
 ---->>>> iter = 1
---->>> debug step 2 
 ---->>> debug step 3 
 ---->>> debug step 4 
 ---->>> debug step 5 
 --->>> debug step 6 
 --->>> debug step 7 
 --->>> debug step 8 
 0.022	78167
*******************************************************
Step Number = 21
diff stress = MArray2[3,3] = 
	[ 
-1.1823e-11 1.5689e-11 3.4461e-13 
1.5689e-11 -2.2737e-12 1.2079e-13 
2.9488e-13 1.4211e-13 1.2733e-11 
	]

-------------------------------------------------------
stress_multiply = MArray2[3,3] = 
	[ 
   -2998.2     606.71     22.471 
    606.71      -3069     15.168 
    22.471     15.168    -3060.9 
	]

stress_integrate= MArray2[3,3] = 
	[ 
   -2998.2     606.71     22.471 
    606.71      -3069     15.168 
    22.471     15.168    -3060.9 
	]

*******************************************************
---> yield_surface_val = 40171 
plastic!

---->>> debug step 1 
 ---->>>> iter = 1
---->>> debug step 2 
 ---->>> debug step 3 
 ---->>> debug step 4 
 ---->>> debug step 5 
 --->>> debug step 6 
 --->>> debug step 7 
 --->>> debug step 8 
 0.023	78774
*******************************************************
Step Number = 22
diff stress = MArray2[3,3] = 
	[ 
-1.819e-11 -9.6634e-12  -1.35e-13 
-9.6634e-12 -2.7285e-12 -1.8474e-13 
-1.279e-13 -2.7889e-13 1.4552e-11 
	]

-------------------------------------------------------
stress_multiply = MArray2[3,3] = 
	[ 
   -2998.2     606.71     22.471 
    606.71      -3069     15.168 
    22.471     15.168    -3060.9 
	]

stress_integrate= MArray2[3,3] = 
	[ 
   -2998.2     606.71     22.471 
    606.71      -3069     15.168 
    22.471     15.168    -3060.9 
	]

*******************************************************
---> yield_surface_val = 40171 
plastic!

---->>> debug step 1 
 ---->>>> iter = 1
---->>> debug step 2 
 ---->>> debug step 3 
 ---->>> debug step 4 
 ---->>> debug step 5 
 --->>> debug step 6 
 --->>> debug step 7 
 --->>> debug step 8 
 0.024	79381
*******************************************************
Step Number = 23
diff stress = MArray2[3,3] = 
	[ 
-1.7735e-11 -2.2737e-12 1.5987e-13 
-2.2737e-12 -2.7285e-12 5.1514e-14 
1.0658e-13 1.1191e-13 1.9099e-11 
	]

-------------------------------------------------------
stress_multiply = MArray2[3,3] = 
	[ 
   -2998.2     606.71     22.471 
    606.71      -3069     15.168 
    22.471     15.168    -3060.9 
	]

stress_integrate= MArray2[3,3] = 
	[ 
   -2998.2     606.71     22.471 
    606.71      -3069     15.168 
    22.471     15.168    -3060.9 
	]

*******************************************************
---> yield_surface_val = 40171 
plastic!

---->>> debug step 1 
 ---->>>> iter = 1
---->>> debug step 2 
 ---->>> debug step 3 
 ---->>> debug step 4 
 ---->>> debug step 5 
 --->>> debug step 6 
 --->>> debug step 7 
 --->>> debug step 8 
 0.025	79987
*******************************************************
Step Number = 24
diff stress = MArray2[3,3] = 
	[ 
-2.0009e-11 3.2969e-12 5.3291e-13 
3.2969e-12 -3.638e-12 1.2434e-13 
5.1514e-13 1.2079e-13 -3.547e-11 
	]

-------------------------------------------------------
stress_multiply = MArray2[3,3] = 
	[ 
   -2998.2     606.71     22.471 
    606.71      -3069     15.168 
    22.471     15.168    -3060.9 
	]

stress_integrate= MArray2[3,3] = 
	[ 
   -2998.2     606.71     22.471 
    606.71      -3069     15.168 
    22.471     15.168    -3060.9 
	]

*******************************************************
---> yield_surface_val = 40171 
plastic!

---->>> debug step 1 
 ---->>>> iter = 1
---->>> debug step 2 
 ---->>> debug step 3 
 ---->>> debug step 4 
 ---->>> debug step 5 
 --->>> debug step 6 
 --->>> debug step 7 
 --->>> debug step 8 
 0.026	80594
*******************************************************
Step Number = 25
diff stress = MArray2[3,3] = 
	[ 
-2.5011e-11 1.8304e-11 1.0409e-12 
1.8304e-11 -5.457e-12  8.562e-13 
1.0445e-12 8.2245e-13 1.1823e-11 
	]

-------------------------------------------------------
stress_multiply = MArray2[3,3] = 
	[ 
   -2998.2     606.71     22.471 
    606.71      -3069     15.168 
    22.471     15.168    -3060.9 
	]

stress_integrate= MArray2[3,3] = 
	[ 
   -2998.2     606.71     22.471 
    606.71      -3069     15.168 
    22.471     15.168    -3060.9 
	]

*******************************************************
---> yield_surface_val = 40171 
plastic!

---->>> debug step 1 
 ---->>>> iter = 1
---->>> debug step 2 
 ---->>> debug step 3 
 ---->>> debug step 4 
 ---->>> debug step 5 
 --->>> debug step 6 
 --->>> debug step 7 
 --->>> debug step 8 
 0.027	81201
*******************************************************
Step Number = 26
diff stress = MArray2[3,3] = 
	[ 
-2.7285e-11 -6.4801e-12 -3.908e-13 
-6.4801e-12 -5.0022e-12 -1.652e-13 
-4.8672e-13 -1.9718e-13 1.6371e-11 
	]

-------------------------------------------------------
stress_multiply = MArray2[3,3] = 
	[ 
   -2998.2     606.71     22.471 
    606.71      -3069     15.168 
    22.471     15.168    -3060.9 
	]

stress_integrate= MArray2[3,3] = 
	[ 
   -2998.2     606.71     22.471 
    606.71      -3069     15.168 
    22.471     15.168    -3060.9 
	]

*******************************************************
---> yield_surface_val = 40171 
plastic!

---->>> debug step 1 
 ---->>>> iter = 1
---->>> debug step 2 
 ---->>> debug step 3 
 ---->>> debug step 4 
 ---->>> debug step 5 
 --->>> debug step 6 
 --->>> debug step 7 
 --->>> debug step 8 
 0.028	81808
*******************************************************
Step Number = 27
diff stress = MArray2[3,3] = 
	[ 
2.9559e-11 -3.0695e-12 -8.3489e-13 
-3.0695e-12 -5.9117e-12 -3.908e-13 
-8.9528e-13 -3.9613e-13 -3.8199e-11 
	]

-------------------------------------------------------
stress_multiply = MArray2[3,3] = 
	[ 
   -2998.2     606.71     22.471 
    606.71      -3069     15.168 
    22.471     15.168    -3060.9 
	]

stress_integrate= MArray2[3,3] = 
	[ 
   -2998.2     606.71     22.471 
    606.71      -3069     15.168 
    22.471     15.168    -3060.9 
	]

*******************************************************
---> yield_surface_val = 40171 
plastic!

---->>> debug step 1 
 ---->>>> iter = 1
---->>> debug step 2 
 ---->>> debug step 3 
 ---->>> debug step 4 
 ---->>> debug step 5 
 --->>> debug step 6 
 --->>> debug step 7 
 --->>> debug step 8 
 0.029	82414
*******************************************************
Step Number = 28
diff stress = MArray2[3,3] = 
	[ 
-1.8645e-11 1.7053e-12 1.9895e-13 
1.7053e-12 -7.7307e-12 3.6238e-13 
9.9476e-14 3.8014e-13 1.0459e-11 
	]

-------------------------------------------------------
stress_multiply = MArray2[3,3] = 
	[ 
   -2998.2     606.71     22.471 
    606.71      -3069     15.168 
    22.471     15.168    -3060.9 
	]

stress_integrate= MArray2[3,3] = 
	[ 
   -2998.2     606.71     22.471 
    606.71      -3069     15.168 
    22.471     15.168    -3060.9 
	]

*******************************************************
---> yield_surface_val = 40171 
plastic!

---->>> debug step 1 
 ---->>>> iter = 1
---->>> debug step 2 
 ---->>> debug step 3 
 ---->>> debug step 4 
 ---->>> debug step 5 
 --->>> debug step 6 
 --->>> debug step 7 
 --->>> debug step 8 
 0.03	83021
*******************************************************
Step Number = 29
diff stress = MArray2[3,3] = 
	[ 
-2.0464e-11 7.9581e-12 -2.1316e-14 
7.9581e-12 -7.7307e-12 4.6541e-13 
3.5527e-15 5.1692e-13 1.4552e-11 
	]

-------------------------------------------------------
stress_multiply = MArray2[3,3] = 
	[ 
   -2998.2     606.71     22.471 
    606.71      -3069     15.168 
    22.471     15.168    -3060.9 
	]

stress_integrate= MArray2[3,3] = 
	[ 
   -2998.2     606.71     22.471 
    606.71      -3069     15.168 
    22.471     15.168    -3060.9 
	]

*******************************************************
---> yield_surface_val = 40171 
plastic!

---->>> debug step 1 
 ---->>>> iter = 1
---->>> debug step 2 
 ---->>> debug step 3 
 ---->>> debug step 4 
 ---->>> debug step 5 
 --->>> debug step 6 
 --->>> debug step 7 
 --->>> debug step 8 
 0.031	83628
*******************************************************
Step Number = 30
diff stress = MArray2[3,3] = 
	[ 
-2.3192e-11 1.4666e-11 1.2008e-12 
1.4666e-11 -8.6402e-12 3.5172e-13 
1.2896e-12 3.1086e-13  1.728e-11 
	]

-------------------------------------------------------
stress_multiply = MArray2[3,3] = 
	[ 
   -2998.2     606.71     22.471 
    606.71      -3069     15.168 
    22.471     15.168    -3060.9 
	]

stress_integrate= MArray2[3,3] = 
	[ 
   -2998.2     606.71     22.471 
    606.71      -3069     15.168 
    22.471     15.168    -3060.9 
	]

*******************************************************
---> yield_surface_val = 40171 
plastic!

---->>> debug step 1 
 ---->>>> iter = 1
---->>> debug step 2 
 ---->>> debug step 3 
 ---->>> debug step 4 
 ---->>> debug step 5 
 --->>> debug step 6 
 --->>> debug step 7 
 --->>> debug step 8 
 0.032	84234
*******************************************************
Step Number = 31
diff stress = MArray2[3,3] = 
	[ 
-2.9104e-11 -3.0695e-12 -2.7001e-13 
-3.0695e-12 -1.0004e-11 -1.0481e-13 
-3.4106e-13 -3.7303e-14 -3.9108e-11 
	]

-------------------------------------------------------
stress_multiply = MArray2[3,3] = 
	[ 
   -2998.2     606.71     22.471 
    606.71      -3069     15.168 
    22.471     15.168    -3060.9 
	]

stress_integrate= MArray2[3,3] = 
	[ 
   -2998.2     606.71     22.471 
    606.71      -3069     15.168 
    22.471     15.168    -3060.9 
	]

*******************************************************
---> yield_surface_val = 40171 
plastic!

---->>> debug step 1 
 ---->>>> iter = 1
---->>> debug step 2 
 ---->>> debug step 3 
 ---->>> debug step 4 
 ---->>> debug step 5 
 --->>> debug step 6 
 --->>> debug step 7 
 --->>> debug step 8 
 0.033	84841
*******************************************************
Step Number = 32
diff stress = MArray2[3,3] = 
	[ 
3.0923e-11 9.7771e-12 7.4607e-13 
9.7771e-12 -1.0459e-11 6.0751e-13 
 6.537e-13 5.5422e-13 1.1823e-11 
	]

-------------------------------------------------------
stress_multiply = MArray2[3,3] = 
	[ 
   -2998.2     606.71     22.471 
    606.71      -3069     15.168 
    22.471     15.168    -3060.9 
	]

stress_integrate= MArray2[3,3] = 
	[ 
   -2998.2     606.71     22.471 
    606.71      -3069     15.168 
    22.471     15.168    -3060.9 
	]

*******************************************************
---> yield_surface_val = 40171 
plastic!

---->>> debug step 1 
 ---->>>> iter = 1
---->>> debug step 2 
 ---->>> debug step 3 
 ---->>> debug step 4 
 ---->>> debug step 5 
 --->>> debug step 6 
 --->>> debug step 7 
 --->>> debug step 8 
 0.034	85448
*******************************************************
Step Number = 33
diff stress = MArray2[3,3] = 
	[ 
-1.819e-11 2.5693e-11 6.5015e-13 
2.5693e-11 -1.0004e-11  4.885e-13 
6.1462e-13 5.3468e-13 1.5461e-11 
	]

-------------------------------------------------------
stress_multiply = MArray2[3,3] = 
	[ 
   -2998.2     606.71     22.471 
    606.71      -3069     15.168 
    22.471     15.168    -3060.9 
	]

stress_integrate= MArray2[3,3] = 
	[ 
   -2998.2     606.71     22.471 
    606.71      -3069     15.168 
    22.471     15.168    -3060.9 
	]

*******************************************************
---> yield_surface_val = 40171 
plastic!

---->>> debug step 1 
 ---->>>> iter = 1
---->>> debug step 2 
 ---->>> debug step 3 
 ---->>> debug step 4 
 ---->>> debug step 5 
 --->>> debug step 6 
 --->>> debug step 7 
 --->>> debug step 8 
 0.035	86055
*******************************************************
Step Number = 34
diff stress = MArray2[3,3] = 
	[ 
-2.0918e-11 -1.6371e-11 -5.8265e-13 
-1.6371e-11 -1.0914e-11 -3.6415e-13 
-4.6896e-13 -3.233e-13 1.9099e-11 
	]

-------------------------------------------------------
stress_multiply = MArray2[3,3] = 
	[ 
   -2998.2     606.71     22.471 
    606.71      -3069     15.168 
    22.471     15.168    -3060.9 
	]

stress_integrate= MArray2[3,3] = 
	[ 
   -2998.2     606.71     22.471 
    606.71      -3069     15.168 
    22.471     15.168    -3060.9 
	]

*******************************************************
---> yield_surface_val = 40171 
plastic!

---->>> debug step 1 
 ---->>>> iter = 1
---->>> debug step 2 
 ---->>> debug step 3 
 ---->>> debug step 4 
 ---->>> debug step 5 
 --->>> debug step 6 
 --->>> debug step 7 
 --->>> debug step 8 
 0.036	86661
*******************************************************
Step Number = 35
diff stress = MArray2[3,3] = 
	[ 
-2.4556e-11 8.9813e-12 -3.5527e-15 
8.9813e-12 -1.1369e-11 1.7231e-13 
-1.6342e-13 1.6875e-13 -3.7289e-11 
	]

-------------------------------------------------------
stress_multiply = MArray2[3,3] = 
	[ 
   -2998.2     606.71     22.471 
    606.71      -3069     15.168 
    22.471     15.168    -3060.9 
	]

stress_integrate= MArray2[3,3] = 
	[ 
   -2998.2     606.71     22.471 
    606.71      -3069     15.168 
    22.471     15.168    -3060.9 
	]

*******************************************************
---> yield_surface_val = 40171 
plastic!

---->>> debug step 1 
 ---->>>> iter = 1
---->>> debug step 2 
 ---->>> debug step 3 
 ---->>> debug step 4 
 ---->>> debug step 5 
 --->>> debug step 6 
 --->>> debug step 7 
 --->>> debug step 8 
 0.037	87268
*******************************************************
Step Number = 36
diff stress = MArray2[3,3] = 
	[ 
-1.5916e-11 2.8763e-11 4.4054e-13 
2.8763e-11 4.5475e-13 6.0574e-13 
4.1922e-13   5.56e-13 -3.3197e-11 
	]

-------------------------------------------------------
stress_multiply = MArray2[3,3] = 
	[ 
   -2998.2     606.71     22.471 
    606.71      -3069     15.168 
    22.471     15.168    -3060.9 
	]

stress_integrate= MArray2[3,3] = 
	[ 
   -2998.2     606.71     22.471 
    606.71      -3069     15.168 
    22.471     15.168    -3060.9 
	]

*******************************************************
---> yield_surface_val = 40171 
plastic!

---->>> debug step 1 
 ---->>>> iter = 1
---->>> debug step 2 
 ---->>> debug step 3 
 ---->>> debug step 4 
 ---->>> debug step 5 
 --->>> debug step 6 
 --->>> debug step 7 
 --->>> debug step 8 
 0.038	87875
*******************************************************
Step Number = 37
diff stress = MArray2[3,3] = 
	[ 
2.8194e-11 -1.5916e-11 -3.8725e-13 
-1.5916e-11 -1.3188e-11 -3.8902e-13 
-5.258e-13 -3.8014e-13  3.638e-12 
	]

-------------------------------------------------------
stress_multiply = MArray2[3,3] = 
	[ 
   -2998.2     606.71     22.471 
    606.71      -3069     15.168 
    22.471     15.168    -3060.9 
	]

stress_integrate= MArray2[3,3] = 
	[ 
   -2998.2     606.71     22.471 
    606.71      -3069     15.168 
    22.471     15.168    -3060.9 
	]

*******************************************************
---> yield_surface_val = 40171 
plastic!

---->>> debug step 1 
 ---->>>> iter = 1
---->>> debug step 2 
 ---->>> debug step 3 
 ---->>> debug step 4 
 ---->>> debug step 5 
 --->>> debug step 6 
 --->>> debug step 7 
 --->>> debug step 8 
 0.039	88481
*******************************************************
Step Number = 38
diff stress = MArray2[3,3] = 
	[ 
-2.1828e-11 -1.4779e-12 -4.0501e-13 
-1.4779e-12 -1.3642e-11 -2.2737e-13 
-4.2988e-13 -2.6468e-13  5.457e-12 
	]

-------------------------------------------------------
stress_multiply = MArray2[3,3] = 
	[ 
   -2998.2     606.71     22.471 
    606.71      -3069     15.168 
    22.471     15.168    -3060.9 
	]

stress_integrate= MArray2[3,3] = 
	[ 
   -2998.2     606.71     22.471 
    606.71      -3069     15.168 
    22.471     15.168    -3060.9 
	]

*******************************************************
---> yield_surface_val = 40171 
plastic!

---->>> debug step 1 
 ---->>>> iter = 1
---->>> debug step 2 
 ---->>> debug step 3 
 ---->>> debug step 4 
 ---->>> debug step 5 
 --->>> debug step 6 
 --->>> debug step 7 
 --->>> debug step 8 
 0.04	89088
*******************************************************
Step Number = 39
diff stress = MArray2[3,3] = 
	[ 
-2.3192e-11 -9.0949e-12 -5.9686e-13 
-9.0949e-12 -1.4552e-11 -1.652e-13 
-6.6436e-13 -2.1316e-13 1.0459e-11 
	]

-------------------------------------------------------
stress_multiply = MArray2[3,3] = 
	[ 
   -2998.2     606.71     22.471 
    606.71      -3069     15.168 
    22.471     15.168    -3060.9 
	]

stress_integrate= MArray2[3,3] = 
	[ 
   -2998.2     606.71     22.471 
    606.71      -3069     15.168 
    22.471     15.168    -3060.9 
	]

*******************************************************
---> yield_surface_val = 40171 
plastic!

---->>> debug step 1 
 ---->>>> iter = 1
---->>> debug step 2 
 ---->>> debug step 3 
 ---->>> debug step 4 
 ---->>> debug step 5 
 --->>> debug step 6 
 --->>> debug step 7 
 --->>> debug step 8 
 0.041	89695
*******************************************************
Step Number = 40
diff stress = MArray2[3,3] = 
	[ 
-2.774e-11 -3.979e-12 2.5935e-13 
-3.979e-12 -1.5916e-11 3.1442e-13 
2.2737e-13 3.3751e-13 1.3188e-11 
	]

-------------------------------------------------------
stress_multiply = MArray2[3,3] = 
	[ 
   -2998.2     606.71     22.471 
    606.71      -3069     15.168 
    22.471     15.168    -3060.9 
	]

stress_integrate= MArray2[3,3] = 
	[ 
   -2998.2     606.71     22.471 
    606.71      -3069     15.168 
    22.471     15.168    -3060.9 
	]

*******************************************************
---> yield_surface_val = 40171 
plastic!

---->>> debug step 1 
 ---->>>> iter = 1
---->>> debug step 2 
 ---->>> debug step 3 
 ---->>> debug step 4 
 ---->>> debug step 5 
 --->>> debug step 6 
 --->>> debug step 7 
 --->>> debug step 8 
 0.042	90301
*******************************************************
Step Number = 41
diff stress = MArray2[3,3] = 
	[ 
-2.9104e-11 -1.2506e-12 -2.9488e-13 
-1.2506e-12 -1.5916e-11 -3.5172e-13 
-3.1974e-13 -3.3928e-13 1.6371e-11 
	]

-------------------------------------------------------
stress_multiply = MArray2[3,3] = 
	[ 
   -2998.2     606.71     22.471 
    606.71      -3069     15.168 
    22.471     15.168    -3060.9 
	]

stress_integrate= MArray2[3,3] = 
	[ 
   -2998.2     606.71     22.471 
    606.71      -3069     15.168 
    22.471     15.168    -3060.9 
	]

*******************************************************
---> yield_surface_val = 40171 
plastic!

---->>> debug step 1 
 ---->>>> iter = 1
---->>> debug step 2 
 ---->>> debug step 3 
 ---->>> debug step 4 
 ---->>> debug step 5 
 --->>> debug step 6 
 --->>> debug step 7 
 --->>> debug step 8 
 0.043	90908
*******************************************************
Step Number = 42
diff stress = MArray2[3,3] = 
	[ 
 2.683e-11 -1.2847e-11 -6.5725e-13 
-1.2847e-11 -1.5461e-11 -2.3626e-13 
-5.6133e-13 -1.652e-13 2.0918e-11 
	]

-------------------------------------------------------
stress_multiply = MArray2[3,3] = 
	[ 
   -2998.2     606.71     22.471 
    606.71      -3069     15.168 
    22.471     15.168    -3060.9 
	]

stress_integrate= MArray2[3,3] = 
	[ 
   -2998.2     606.71     22.471 
    606.71      -3069     15.168 
    22.471     15.168    -3060.9 
	]

*******************************************************
---> yield_surface_val = 40171 
plastic!

---->>> debug step 1 
 ---->>>> iter = 1
---->>> debug step 2 
 ---->>> debug step 3 
 ---->>> debug step 4 
 ---->>> debug step 5 
 --->>> debug step 6 
 --->>> debug step 7 
 --->>> debug step 8 
 0.044	91515
*******************************************************
Step Number = 43
diff stress = MArray2[3,3] = 
	[ 
-2.2737e-11 -1.4552e-11 -1.5987e-13 
-1.4552e-11 -1.7735e-11 -8.1712e-14 
-2.6645e-13 7.1054e-15 -3.638e-11 
	]

-------------------------------------------------------
stress_multiply = MArray2[3,3] = 
	[ 
   -2998.2     606.71     22.471 
    606.71      -3069     15.168 
    22.471     15.168    -3060.9 
	]

stress_integrate= MArray2[3,3] = 
	[ 
   -2998.2     606.71     22.471 
    606.71      -3069     15.168 
    22.471     15.168    -3060.9 
	]

*******************************************************
---> yield_surface_val = 40171 
plastic!

---->>> debug step 1 
 ---->>>> iter = 1
---->>> debug step 2 
 ---->>> debug step 3 
 ---->>> debug step 4 
 ---->>> debug step 5 
